22 75 73 65 20 63 6c 69  65 6e 74 22 3b 0a 0a 69
6d 70 6f 72 74 20 7b 20  75 73 65 43 61 6c 6c 62
61 63 6b 2c 20 75 73 65  45 66 66 65 63 74 2c 20
75 73 65 52 65 66 2c 20  75 73 65 53 74 61 74 65
20 7d 20 66 72 6f 6d 20  22 72 65 61 63 74 22 3b
0a 69 6d 70 6f 72 74 20  7b 20 75 73 65 52 6f 75
74 65 72 20 7d 20 66 72  6f 6d 20 22 6e 65 78 74
2f 6e 61 76 69 67 61 74  69 6f 6e 22 3b 0a 69 6d
70 6f 72 74 20 55 73 65  72 41 76 61 74 61 72 20
66 72 6f 6d 20 22 40 2f  63 6f 6d 70 6f 6e 65 6e
74 73 2f 55 73 65 72 41  76 61 74 61 72 22 3b 0a
69 6d 70 6f 72 74 20 7b  20 61 75 74 68 48 65 61
64 65 72 20 7d 20 66 72  6f 6d 20 22 40 2f 6c 69
62 2f 61 75 74 68 54 6f  6b 65 6e 22 3b 0a 69 6d
70 6f 72 74 20 7b 20 67  65 74 42 61 63 6b 65 6e
64 42 61 73 65 55 72 6c  20 7d 20 66 72 6f 6d 20
22 40 2f 6c 69 62 2f 62  61 63 6b 65 6e 64 42 61
73 65 55 72 6c 22 3b 0a  0a 74 79 70 65 20 46 72
69 65 6e 64 20 3d 20 7b  20 69 64 3f 3a 20 73 74
72 69 6e 67 3b 20 5f 69  64 3f 3a 20 73 74 72 69
6e 67 3b 20 75 73 65 72  6e 61 6d 65 3f 3a 20 73
74 72 69 6e 67 3b 20 65  6d 61 69 6c 3f 3a 20 73
74 72 69 6e 67 20 7d 3b  0a 0a 66 75 6e 63 74 69
6f 6e 20 74 6f 49 64 53  74 72 69 6e 67 28 69 64
3a 20 75 6e 6b 6e 6f 77  6e 29 3a 20 73 74 72 69
6e 67 20 7b 0a 20 20 72  65 74 75 72 6e 20 74 79
70 65 6f 66 20 69 64 20  3d 3d 3d 20 22 73 74 72
69 6e 67 22 20 3f 20 69  64 20 3a 20 53 74 72 69
6e 67 28 69 64 20 3f 3f  20 22 22 29 3b 0a 7d 0a
0a 66 75 6e 63 74 69 6f  6e 20 64 69 73 70 6c 61
79 4e 61 6d 65 28 75 3a  20 46 72 69 65 6e 64 29
3a 20 73 74 72 69 6e 67  20 7b 0a 20 20 72 65 74
75 72 6e 20 75 2e 75 73  65 72 6e 61 6d 65 20 3f
3f 20 75 2e 65 6d 61 69  6c 20 3f 3f 20 22 46 72
69 65 6e 64 22 3b 0a 7d  0a 0a 65 78 70 6f 72 74
20 64 65 66 61 75 6c 74  20 66 75 6e 63 74 69 6f
6e 20 43 68 61 74 28 29  20 7b 0a 20 20 63 6f 6e
73 74 20 72 6f 75 74 65  72 20 3d 20 75 73 65 52
6f 75 74 65 72 28 29 3b  0a 20 20 63 6f 6e 73 74
20 62 61 73 65 20 3d 20  67 65 74 42 61 63 6b 65
6e 64 42 61 73 65 55 72  6c 28 29 3b 0a 20 20 63
6f 6e 73 74 20 66 65 74  63 68 65 64 52 65 66 20
3d 20 75 73 65 52 65 66  28 66 61 6c 73 65 29 3b
0a 0a 20 20 63 6f 6e 73  74 20 5b 66 72 69 65 6e
64 73 2c 20 73 65 74 46  72 69 65 6e 64 73 5d 20
3d 20 75 73 65 53 74 61  74 65 3c 46 72 69 65 6e
64 5b 5d 3e 28 5b 5d 29  3b 0a 20 20 63 6f 6e 73
74 20 5b 6c 6f 61 64 69  6e 67 2c 20 73 65 74 4c
6f 61 64 69 6e 67 5d 20  3d 20 75 73 65 53 74 61
74 65 28 74 72 75 65 29  3b 0a 20 20 63 6f 6e 73
74 20 5b 65 72 72 6f 72  2c 20 73 65 74 45 72 72
6f 72 5d 20 3d 20 75 73  65 53 74 61 74 65 3c 73
74 72 69 6e 67 20 7c 20  6e 75 6c 6c 3e 28 6e 75
6c 6c 29 3b 0a 0a 20 20  63 6f 6e 73 74 20 72 65
66 72 65 73 68 20 3d 20  75 73 65 43 61 6c 6c 62
61 63 6b 28 61 73 79 6e  63 20 28 29 20 3d 3e 20
7b 0a 20 20 20 20 69 66  20 28 21 62 61 73 65 29
20 7b 0a 20 20 20 20 20  20 73 65 74 45 72 72 6f
72 28 22 4d 69 73 73 69  6e 67 20 4e 45 58 54 5f
50 55 42 4c 49 43 5f 42  41 43 4b 45 4e 44 5f 55
52 4c 22 29 3b 0a 20 20  20 20 20 20 72 65 74 75
72 6e 3b 0a 20 20 20 20  7d 0a 0a 20 20 20 20 73
65 74 45 72 72 6f 72 28  6e 75 6c 6c 29 3b 0a 20
20 20 20 63 6f 6e 73 74  20 72 65 73 20 3d 20 61
77 61 69 74 20 66 65 74  63 68 28 60 24 7b 62 61
73 65 7d 2f 61 70 69 2f  66 72 69 65 6e 64 73 60
2c 20 7b 0a 20 20 20 20  20 20 63 72 65 64 65 6e
74 69 61 6c 73 3a 20 22  69 6e 63 6c 75 64 65 22
2c 0a 20 20 20 20 20 20  68 65 61 64 65 72 73 3a
20 61 75 74 68 48 65 61  64 65 72 28 29 2c 0a 20
20 20 20 7d 29 3b 0a 0a  20 20 20 20 69 66 20 28
72 65 73 2e 73 74 61 74  75 73 20 3d 3d 3d 20 34
30 31 29 20 7b 0a 20 20  20 20 20 20 72 6f 75 74
65 72 2e 70 75 73 68 28  22 2f 61 75 74 68 2f 6c
6f 67 69 6e 22 29 3b 0a  20 20 20 20 20 20 72 65
74 75 72 6e 3b 0a 20 20  20 20 7d 0a 0a 20 20 20
20 69 66 20 28 21 72 65  73 2e 6f 6b 29 20 7b 0a
20 20 20 20 20 20 63 6f  6e 73 74 20 74 65 78 74
20 3d 20 28 61 77 61 69  74 20 72 65 73 2e 74 65
78 74 28 29 29 2e 74 72  69 6d 28 29 3b 0a 20 20
20 20 20 20 74 68 72 6f  77 20 6e 65 77 20 45 72
72 6f 72 28 74 65 78 74  20 7c 7c 20 22 46 61 69
6c 65 64 20 74 6f 20 6c  6f 61 64 20 66 72 69 65
6e 64 73 22 29 3b 0a 20  20 20 20 7d 0a 0a 20 20
20 20 63 6f 6e 73 74 20  64 61 74 61 20 3d 20 28
61 77 61 69 74 20 72 65  73 2e 6a 73 6f 6e 28 29
29 20 61 73 20 7b 20 66  72 69 65 6e 64 73 3f 3a
20 46 72 69 65 6e 64 5b  5d 20 7d 3b 0a 20 20 20
20 73 65 74 46 72 69 65  6e 64 73 28 41 72 72 61
79 2e 69 73 41 72 72 61  79 28 64 61 74 61 3f 2e
66 72 69 65 6e 64 73 29  20 3f 20 64 61 74 61 2e
66 72 69 65 6e 64 73 20  3a 20 5b 5d 29 3b 0a 20
20 7d 2c 20 5b 62 61 73  65 2c 20 72 6f 75 74 65
72 5d 29 3b 0a 0a 20 20  75 73 65 45 66 66 65 63
74 28 28 29 20 3d 3e 20  7b 0a 20 20 20 20 69 66
20 28 66 65 74 63 68 65  64 52 65 66 2e 63 75 72
72 65 6e 74 29 20 72 65  74 75 72 6e 3b 0a 20 20
20 20 66 65 74 63 68 65  64 52 65 66 2e 63 75 72
72 65 6e 74 20 3d 20 74  72 75 65 3b 0a 0a 20 20
20 20 63 6f 6e 73 74 20  72 75 6e 20 3d 20 61 73
79 6e 63 20 28 29 20 3d  3e 20 7b 0a 20 20 20 20
20 20 74 72 79 20 7b 0a  20 20 20 20 20 20 20 20
61 77 61 69 74 20 72 65  66 72 65 73 68 28 29 3b
0a 20 20 20 20 20 20 7d  20 63 61 74 63 68 20 28
65 72 72 3a 20 75 6e 6b  6e 6f 77 6e 29 20 7b 0a
20 20 20 20 20 20 20 20  73 65 74 45 72 72 6f 72
28 65 72 72 20 69 6e 73  74 61 6e 63 65 6f 66 20
45 72 72 6f 72 20 3f 20  65 72 72 2e 6d 65 73 73
61 67 65 20 3a 20 22 46  61 69 6c 65 64 20 74 6f
20 6c 6f 61 64 20 66 72  69 65 6e 64 73 22 29 3b
0a 20 20 20 20 20 20 7d  20 66 69 6e 61 6c 6c 79
20 7b 0a 20 20 20 20 20  20 20 20 73 65 74 4c 6f
61 64 69 6e 67 28 66 61  6c 73 65 29 3b 0a 20 20
20 20 20 20 7d 0a 20 20  20 20 7d 3b 0a 0a 20 20
20 20 72 75 6e 28 29 3b  0a 20 20 7d 2c 20 5b 72
65 66 72 65 73 68 5d 29  3b 0a 0a 20 20 72 65 74
75 72 6e 20 28 0a 20 20  20 20 3c 64 69 76 20 63
6c 61 73 73 4e 61 6d 65  3d 22 6d 69 6e 2d 68 2d
66 75 6c 6c 22 3e 0a 20  20 20 20 20 20 3c 64 69
76 20 63 6c 61 73 73 4e  61 6d 65 3d 22 6d 61 78
2d 77 2d 34 78 6c 20 6d  78 2d 61 75 74 6f 20 70
78 2d 34 20 70 79 2d 38  22 3e 0a 20 20 20 20 20
20 20 20 3c 64 69 76 20  63 6c 61 73 73 4e 61 6d
65 3d 22 66 6c 65 78 20  69 74 65 6d 73 2d 63 65
6e 74 65 72 20 6a 75 73  74 69 66 79 2d 62 65 74
77 65 65 6e 20 67 61 70  2d 34 22 3e 0a 20 20 20
20 20 20 20 20 20 20 3c  64 69 76 3e 0a 20 20 20
20 20 20 20 20 20 20 20  20 3c 68 32 20 63 6c 61
73 73 4e 61 6d 65 3d 22  74 65 78 74 2d 32 78 6c
20 66 6f 6e 74 2d 62 6f  6c 64 20 74 65 78 74 2d
67 72 61 79 2d 39 30 30  22 3e 43 68 61 74 3c 2f
68 32 3e 0a 20 20 20 20  20 20 20 20 20 20 20 20
3c 70 20 63 6c 61 73 73  4e 61 6d 65 3d 22 74 65
78 74 2d 73 6d 20 74 65  78 74 2d 67 72 61 79 2d
36 30 30 22 3e 4d 65 73  73 61 67 65 20 61 63 63
65 70 74 65 64 20 66 72  69 65 6e 64 73 2e 3c 2f
70 3e 0a 20 20 20 20 20  20 20 20 20 20 3c 2f 64
69 76 3e 0a 20 20 20 20  20 20 20 20 20 20 3c 62
75 74 74 6f 6e 0a 20 20  20 20 20 20 20 20 20 20
20 20 74 79 70 65 3d 22  62 75 74 74 6f 6e 22 0a
20 20 20 20 20 20 20 20  20 20 20 20 6f 6e 43 6c
69 63 6b 3d 7b 28 29 20  3d 3e 20 72 65 66 72 65
73 68 28 29 2e 63 61 74  63 68 28 28 29 20 3d 3e
20 7b 7d 29 7d 0a 20 20  20 20 20 20 20 20 20 20
20 20 63 6c 61 73 73 4e  61 6d 65 3d 22 72 6f 75
6e 64 65 64 2d 78 6c 20  62 67 2d 77 68 69 74 65
20 70 78 2d 34 20 70 79  2d 32 20 74 65 78 74 2d
73 6d 20 66 6f 6e 74 2d  73 65 6d 69 62 6f 6c 64
20 74 65 78 74 2d 62 6c  75 65 2d 37 30 30 20 72
69 6e 67 2d 31 20 72 69  6e 67 2d 62 6c 75 65 2d
32 30 30 20 68 6f 76 65  72 3a 62 67 2d 62 6c 75
65 2d 35 30 22 0a 20 20  20 20 20 20 20 20 20 20
20 20 64 69 73 61 62 6c  65 64 3d 7b 6c 6f 61 64
69 6e 67 7d 0a 20 20 20  20 20 20 20 20 20 20 3e
0a 20 20 20 20 20 20 20  20 20 20 20 20 52 65 66
72 65 73 68 0a 20 20 20  20 20 20 20 20 20 20 3c
2f 62 75 74 74 6f 6e 3e  0a 20 20 20 20 20 20 20
20 3c 2f 64 69 76 3e 0a  0a 20 20 20 20 20 20 20
20 7b 65 72 72 6f 72 20  3f 20 28 0a 20 20 20 20
20 20 20 20 20 20 3c 64  69 76 20 63 6c 61 73 73
4e 61 6d 65 3d 22 6d 74  2d 34 20 72 6f 75 6e 64
65 64 2d 78 6c 20 62 6f  72 64 65 72 20 62 6f 72
64 65 72 2d 72 65 64 2d  32 30 30 20 62 67 2d 72
65 64 2d 35 30 20 70 78  2d 34 20 70 79 2d 33 20
74 65 78 74 2d 73 6d 20  74 65 78 74 2d 72 65 64
2d 38 30 30 22 3e 0a 20  20 20 20 20 20 20 20 20
20 20 20 7b 65 72 72 6f  72 7d 0a 20 20 20 20 20
20 20 20 20 20 3c 2f 64  69 76 3e 0a 20 20 20 20
20 20 20 20 29 20 3a 20  6e 75 6c 6c 7d 0a 0a 20
20 20 20 20 20 20 20 3c  73 65 63 74 69 6f 6e 20
63 6c 61 73 73 4e 61 6d  65 3d 22 6d 74 2d 36 20
72 6f 75 6e 64 65 64 2d  32 78 6c 20 62 67 2d 77
68 69 74 65 2f 38 30 20  72 69 6e 67 2d 31 20 72
69 6e 67 2d 73 6c 61 74  65 2d 32 30 30 2f 37 30
20 73 68 61 64 6f 77 2d  73 6d 20 6f 76 65 72 66
6c 6f 77 2d 68 69 64 64  65 6e 20 62 61 63 6b 64
72 6f 70 2d 62 6c 75 72  22 3e 0a 20 20 20 20 20
20 20 20 20 20 3c 64 69  76 20 63 6c 61 73 73 4e
61 6d 65 3d 22 70 78 2d  34 20 70 79 2d 33 20 62
6f 72 64 65 72 2d 62 20  62 6f 72 64 65 72 2d 73
6c 61 74 65 2d 32 30 30  2f 37 30 20 62 67 2d 67
72 61 64 69 65 6e 74 2d  74 6f 2d 72 20 66 72 6f
6d 2d 77 68 69 74 65 20  74 6f 2d 73 6c 61 74 65
2d 35 30 22 3e 0a 20 20  20 20 20 20 20 20 20 20
20 20 3c 64 69 76 20 63  6c 61 73 73 4e 61 6d 65
3d 22 66 6c 65 78 20 69  74 65 6d 73 2d 63 65 6e
74 65 72 20 6a 75 73 74  69 66 79 2d 62 65 74 77
65 65 6e 22 3e 0a 20 20  20 20 20 20 20 20 20 20
20 20 20 20 3c 64 69 76  20 63 6c 61 73 73 4e 61
6d 65 3d 22 74 65 78 74  2d 73 6d 20 66 6f 6e 74
2d 73 65 6d 69 62 6f 6c  64 20 74 65 78 74 2d 67
72 61 79 2d 39 30 30 22  3e 46 72 69 65 6e 64 73
3c 2f 64 69 76 3e 0a 20  20 20 20 20 20 20 20 20
20 20 20 20 20 3c 64 69  76 20 63 6c 61 73 73 4e
61 6d 65 3d 22 74 65 78  74 2d 78 73 20 74 65 78
74 2d 67 72 61 79 2d 35  30 30 22 3e 7b 66 72 69
65 6e 64 73 2e 6c 65 6e  67 74 68 7d 3c 2f 64 69
76 3e 0a 20 20 20 20 20  20 20 20 20 20 20 20 3c
2f 64 69 76 3e 0a 20 20  20 20 20 20 20 20 20 20
3c 2f 64 69 76 3e 0a 0a  20 20 20 20 20 20 20 20
20 20 7b 6c 6f 61 64 69  6e 67 20 3f 20 28 0a 20
20 20 20 20 20 20 20 20  20 20 20 3c 64 69 76 20
63 6c 61 73 73 4e 61 6d  65 3d 22 70 2d 36 20 74
65 78 74 2d 73 6d 20 74  65 78 74 2d 67 72 61 79
2d 36 30 30 22 3e 4c 6f  61 64 69 6e 67 e2 80 a6
3c 2f 64 69 76 3e 0a 20  20 20 20 20 20 20 20 20
20 29 20 3a 20 66 72 69  65 6e 64 73 2e 6c 65 6e
67 74 68 20 3d 3d 3d 20  30 20 3f 20 28 0a 20 20
20 20 20 20 20 20 20 20  20 20 3c 64 69 76 20 63
6c 61 73 73 4e 61 6d 65  3d 22 70 2d 36 20 74 65
78 74 2d 73 6d 20 74 65  78 74 2d 67 72 61 79 2d
36 30 30 22 3e 0a 20 20  20 20 20 20 20 20 20 20
20 20 20 20 4e 6f 20 61  63 63 65 70 74 65 64 20
66 72 69 65 6e 64 73 20  79 65 74 2e 20 41 64 64
20 66 72 69 65 6e 64 73  20 66 69 72 73 74 2c 20
74 68 65 6e 20 79 6f 75  20 63 61 6e 20 63 68 61
74 2e 0a 20 20 20 20 20  20 20 20 20 20 20 20 20
20 3c 64 69 76 20 63 6c  61 73 73 4e 61 6d 65 3d
22 6d 74 2d 33 22 3e 0a  20 20 20 20 20 20 20 20
20 20 20 20 20 20 20 20  3c 62 75 74 74 6f 6e 0a
20 20 20 20 20 20 20 20  20 20 20 20 20 20 20 20
20 20 74 79 70 65 3d 22  62 75 74 74 6f 6e 22 0a
20 20 20 20 20 20 20 20  20 20 20 20 20 20 20 20
20 20 6f 6e 43 6c 69 63  6b 3d 7b 28 29 20 3d 3e
20 72 6f 75 74 65 72 2e  70 75 73 68 28 22 2f 66
69 6e 64 2d 70 61 72 74  6e 65 72 3f 73 74 61 79
3d 31 22 29 7d 0a 20 20  20 20 20 20 20 20 20 20
20 20 20 20 20 20 20 20  63 6c 61 73 73 4e 61 6d
65 3d 22 72 6f 75 6e 64  65 64 2d 78 6c 20 62 67
2d 62 6c 75 65 2d 36 30  30 20 70 78 2d 34 20 70
79 2d 32 20 74 65 78 74  2d 73 6d 20 66 6f 6e 74
2d 73 65 6d 69 62 6f 6c  64 20 74 65 78 74 2d 77
68 69 74 65 20 68 6f 76  65 72 3a 62 67 2d 62 6c
75 65 2d 37 30 30 22 0a  20 20 20 20 20 20 20 20
20 20 20 20 20 20 20 20  3e 0a 20 20 20 20 20 20
20 20 20 20 20 20 20 20  20 20 20 20 46 69 6e 64
20 66 72 69 65 6e 64 73  0a 20 20 20 20 20 20 20
20 20 20 20 20 20 20 20  20 3c 2f 62 75 74 74 6f
6e 3e 0a 20 20 20 20 20  20 20 20 20 20 20 20 20
20 3c 2f 64 69 76 3e 0a  20 20 20 20 20 20 20 20
20 20 20 20 3c 2f 64 69  76 3e 0a 20 20 20 20 20
20 20 20 20 20 29 20 3a  20 28 0a 20 20 20 20 20
20 20 20 20 20 20 20 3c  64 69 76 20 63 6c 61 73
73 4e 61 6d 65 3d 22 64  69 76 69 64 65 2d 79 20
64 69 76 69 64 65 2d 73  6c 61 74 65 2d 31 30 30
22 3e 0a 20 20 20 20 20  20 20 20 20 20 20 20 20
20 7b 66 72 69 65 6e 64  73 2e 6d 61 70 28 28 66
29 20 3d 3e 20 7b 0a 20  20 20 20 20 20 20 20 20
20 20 20 20 20 20 20 63  6f 6e 73 74 20 69 64 20
3d 20 74 6f 49 64 53 74  72 69 6e 67 28 66 2e 69
64 20 3f 3f 20 66 2e 5f  69 64 29 3b 0a 20 20 20
20 20 20 20 20 20 20 20  20 20 20 20 20 63 6f 6e
73 74 20 6e 61 6d 65 20  3d 20 64 69 73 70 6c 61
79 4e 61 6d 65 28 66 29  3b 0a 20 20 20 20 20 20
20 20 20 20 20 20 20 20  20 20 72 65 74 75 72 6e
20 28 0a 20 20 20 20 20  20 20 20 20 20 20 20 20
20 20 20 20 20 3c 62 75  74 74 6f 6e 0a 20 20 20
20 20 20 20 20 20 20 20  20 20 20 20 20 20 20 20
20 6b 65 79 3d 7b 69 64  20 7c 7c 20 6e 61 6d 65
7d 0a 20 20 20 20 20 20  20 20 20 20 20 20 20 20
20 20 20 20 20 20 74 79  70 65 3d 22 62 75 74 74
6f 6e 22 0a 20 20 20 20  20 20 20 20 20 20 20 20
20 20 20 20 20 20 20 20  63 6c 61 73 73 4e 61 6d
65 3d 22 77 2d 66 75 6c  6c 20 70 2d 34 20 66 6c
65 78 20 69 74 65 6d 73  2d 63 65 6e 74 65 72 20
67 61 70 2d 33 20 74 65  78 74 2d 6c 65 66 74 20
68 6f 76 65 72 3a 62 67  2d 77 68 69 74 65 2f 36
30 20 74 72 61 6e 73 69  74 69 6f 6e 22 0a 20 20
20 20 20 20 20 20 20 20  20 20 20 20 20 20 20 20
20 20 6f 6e 43 6c 69 63  6b 3d 7b 28 29 20 3d 3e
0a 20 20 20 20 20 20 20  20 20 20 20 20 20 20 20
20 20 20 20 20 20 20 72  6f 75 74 65 72 2e 70 75
73 68 28 60 2f 63 68 61  74 2f 24 7b 65 6e 63 6f
64 65 55 52 49 43 6f 6d  70 6f 6e 65 6e 74 28 69
64 29 7d 3f 6e 61 6d 65  3d 24 7b 65 6e 63 6f 64
65 55 52 49 43 6f 6d 70  6f 6e 65 6e 74 28 6e 61
6d 65 29 7d 60 29 0a 20  20 20 20 20 20 20 20 20
20 20 20 20 20 20 20 20  20 20 20 7d 0a 20 20 20
20 20 20 20 20 20 20 20  20 20 20 20 20 20 20 20
20 64 69 73 61 62 6c 65  64 3d 7b 21 69 64 7d 0a
20 20 20 20 20 20 20 20  20 20 20 20 20 20 20 20
20 20 3e 0a 20 20 20 20  20 20 20 20 20 20 20 20
20 20 20 20 20 20 20 20  7b 69 64 20 3f 20 3c 55
73 65 72 41 76 61 74 61  72 20 75 73 65 72 49 64
3d 7b 69 64 7d 20 6e 61  6d 65 3d 7b 6e 61 6d 65
7d 20 73 69 7a 65 3d 7b  34 30 7d 20 2f 3e 20 3a
20 6e 75 6c 6c 7d 0a 20  20 20 20 20 20 20 20 20
20 20 20 20 20 20 20 20  20 20 20 3c 64 69 76 20
63 6c 61 73 73 4e 61 6d  65 3d 22 6d 69 6e 2d 77
2d 30 20 66 6c 65 78 2d  31 22 3e 0a 20 20 20 20
20 20 20 20 20 20 20 20  20 20 20 20 20 20 20 20
20 20 3c 64 69 76 20 63  6c 61 73 73 4e 61 6d 65
3d 22 74 65 78 74 2d 73  6d 20 66 6f 6e 74 2d 73
65 6d 69 62 6f 6c 64 20  74 65 78 74 2d 67 72 61
79 2d 39 30 30 20 74 72  75 6e 63 61 74 65 22 3e
7b 6e 61 6d 65 7d 3c 2f  64 69 76 3e 0a 20 20 20
20 20 20 20 20 20 20 20  20 20 20 20 20 20 20 20
20 20 20 3c 64 69 76 20  63 6c 61 73 73 4e 61 6d
65 3d 22 74 65 78 74 2d  78 73 20 74 65 78 74 2d
67 72 61 79 2d 36 30 30  20 74 72 75 6e 63 61 74
65 22 3e 54 61 70 20 74  6f 20 6f 70 65 6e 20 63
68 61 74 3c 2f 64 69 76  3e 0a 20 20 20 20 20 20
20 20 20 20 20 20 20 20  20 20 20 20 20 20 3c 2f
64 69 76 3e 0a 20 20 20  20 20 20 20 20 20 20 20
20 20 20 20 20 20 20 20  20 3c 73 70 61 6e 20 63
6c 61 73 73 4e 61 6d 65  3d 22 72 6f 75 6e 64 65
64 2d 78 6c 20 62 67 2d  73 6c 61 74 65 2d 31 30
30 20 70 78 2d 33 20 70  79 2d 31 2e 35 20 74 65
78 74 2d 78 73 20 74 65  78 74 2d 73 6c 61 74 65
2d 39 30 30 22 3e 0a 20  20 20 20 20 20 20 20 20
20 20 20 20 20 20 20 20  20 20 20 20 20 4f 70 65
6e 0a 20 20 20 20 20 20  20 20 20 20 20 20 20 20
20 20 20 20 20 20 3c 2f  73 70 61 6e 3e 0a 20 20
20 20 20 20 20 20 20 20  20 20 20 20 20 20 20 20
3c 2f 62 75 74 74 6f 6e  3e 0a 20 20 20 20 20 20
20 20 20 20 20 20 20 20  20 20 29 3b 0a 20 20 20
20 20 20 20 20 20 20 20  20 20 20 7d 29 7d 0a 20
20 20 20 20 20 20 20 20  20 20 20 3c 2f 64 69 76
3e 0a 20 20 20 20 20 20  20 20 20 20 29 7d 0a 20
20 20 20 20 20 20 20 3c  2f 73 65 63 74 69 6f 6e
3e 0a 20 20 20 20 20 20  3c 2f 64 69 76 3e 0a 20
20 20 20 3c 2f 64 69 76  3e 0a 20 20 29 3b 0a 7d
0a
